"","speed","dist","rating"
"bike_01",4,2,5
"bike_02",4,10,5
"bike_03",7,4,2
"bike_04",7,22,2
"bike_05",8,16,2
"bike_06",9,10,1
"bike_07",10,18,4
"bike_08",10,26,2
"bike_09",10,34,3
"bike_10",11,17,3
"bike_11",11,28,3
"bike_12",12,14,3
"bike_13",12,20,4
"bike_14",12,24,3
"bike_15",12,28,4
"bike_16",13,26,5
"bike_17",13,34,3
"bike_18",13,34,3
"bike_19",13,46,3
"bike_20",14,26,3
"bike_21",14,36,1
"bike_22",14,60,2
"bike_23",14,80,2
"bike_24",15,20,3
"bike_25",15,26,2
"bike_26",15,54,2
"bike_27",16,32,1
"bike_28",16,40,1
"bike_29",17,32,2
"bike_30",17,40,3
"bike_31",17,50,2
"bike_32",18,42,2
"bike_33",18,56,3
"bike_34",18,76,2
"bike_35",18,84,1
"bike_36",19,36,5
"bike_37",19,46,3
"bike_38",19,68,3
"bike_39",20,32,4
"bike_40",20,48,4
"bike_41",20,52,3
"bike_42",20,56,5
"bike_43",20,64,2
"bike_44",22,66,1
"bike_45",23,54,1
"bike_46",24,70,2
"bike_47",24,92,2
"bike_48",24,93,5
"bike_49",24,120,4
"bike_50",25,85,3
